90
258 162
214 170
266 153
223 160
258 177
222 184
266 93
223 97
217 71
150 89
155 72
104 97
43 114
13 185
111 204
96 248
162 268
161 290
221 270
221 273
263 259
263 257
341 205
322 191
345 174
315 156
305 118
265 112
326 182
302 174 
299 150
261 148
287 172
250 172
287 205
260 203
304 177
275 173
218 90
154 112
210 118
155 138
210 133
159 153
230 106
175 121
226 123
173 139
223 138
174 153
198 169
159 186
190 190
154 215
184 215
155 240
213 178
178 195
206 196
172 211
205 210
174 229
0 0
0 0
0 169
0 169
0 339
0 339
224 339
224 339
449 339
449 339
449 169
449 169
449 0
449 0
224 0
224 0
307 273
308 247
332 334
377 329
166 21
97 65
75 51
36 103
30 189
32 254
103 269
104 296




